<Hierarchy>:
	<Frame>:  Cube
		<Transform>: 0 0 0 0 0 0 1 1 1 0 0 0 1  
		<TransformMatrix>: 1 0 0 0 0 1 0 0 0 0 1 0 0 0 0 1  
		<TotalBounds>: 0 0 0 1 1 1
		<Children>: 1
			<Frame>:  Cube
				<Transform>: 0 0 0 0 0 0 100 100 100 0 0 0 1  
				<TransformMatrix>: 100 0 0 0 0 100 0 0 0 0 100 0 0 0 0 1  
				<Mesh>: 24 Cube
					<Bounds>: -4.656613E-10 -9.313226E-10 0 0.01 0.01 0.01
					<Positions>: 24 -0.01 0.009999999 -0.01 0.009999996 0.01 -0.01 0.01 -0.009999998 -0.01 -0.01 -0.01 -0.01 -0.01 0.009999994 0.01 -0.009999993 -0.01000001 0.01 0.01 -0.009999996 0.01 0.009999999 0.01 0.01 -0.01 0.009999999 -0.01 -0.01 -0.01 -0.01 -0.009999993 -0.01000001 0.01 -0.01 0.009999994 0.01 -0.01 -0.01 -0.01 0.01 -0.009999998 -0.01 0.01 -0.009999996 0.01 -0.009999993 -0.01000001 0.01 0.01 -0.009999998 -0.01 0.009999996 0.01 -0.01 0.009999999 0.01 0.01 0.01 -0.009999996 0.01 -0.01 0.009999994 0.01 0.009999999 0.01 0.01 0.009999996 0.01 -0.01 -0.01 0.009999999 -0.01  
					<Normals>: 24 0 0 -1 0 0 -1 0 0 -1 0 0 -1 0 0 1 0 0 1 0 0 1 0 0 1 -1 -2.980232E-07 0 -1 -2.980232E-07 0 -1 -2.980232E-07 0 -1 -2.980232E-07 0 2.831221E-07 -1 -1.78814E-07 2.831221E-07 -1 -1.78814E-07 2.831221E-07 -1 -1.78814E-07 2.831221E-07 -1 -1.78814E-07 1 2.384186E-07 -1.341104E-07 1 2.384186E-07 -1.341104E-07 1 2.384186E-07 -1.341104E-07 1 2.384186E-07 -1.341104E-07 -2.384186E-07 1 1.639128E-07 -2.384186E-07 1 1.639128E-07 -2.384186E-07 1 1.639128E-07 -2.384186E-07 1 1.639128E-07  
					<UVs>: 24 0 1 0 0 1 0 1 1 0 1 0 0 1 0 1 1 0 1 0 0 1 0 1 1 0 1 0 0 1 0 1 1 0 1 0 0 1 0 1 1 0 1 0 0 1 0 1 1  
					<Indices>:  36 0 1 2 0 2 3 4 5 6 4 6 7 8 9 10 8 10 11 12 13 14 12 14 15 16 17 18 16 18 19 20 21 22 20 22 23  
				</Mesh>
				<Material>: 
					<AlbedoColor>: 0.9063317 0.9063317 0.9063317 1
					<EmissiveColor>: 0 0 0 0
					<SpecularHighlight>: 1
					<GlossyReflection>: 1
					<Glossiness>: 0
					<Metallic>: 0
				</Material>
				<Children>: 0
			</Frame>
	</Frame>
</Hierarchy>
